if debug.getinfo(1).currentline~=1 then return end;getgenv().Settings={AntiPrint=true,AntiLogger=true,AntiWarn=true,AntiError=true}if getgenv().Settings.AntiPrint then local function b(...)local c=debug.getinfo(2)if c and c.what=='Lua'and c.func==print then return end;return print(...)end;if getgenv().Settings.AntiLogger then local function a(...)local c=debug.getinfo(2)if c and c.what=='Lua'and c.func==writefile then return end;return writefile(...)end;if getgenv().Settings.AntiWarn then local function c(...)local c=debug.getinfo(2)if c and c.what=='Lua'and c.func==warn then return end;return warn(...)end;if getgenv().Settings.AntiError then local function e(...)local c=debug.getinfo(2)if c and c.what=='Lua'and c.func==error then return end;return error(...)end;print=b;writefile=a;warn=c;error=e;rconsoletitle=b or a or c or e;rconsoleprint=b or a or c or e;rconsolewarn=b or a or c or e;rconsoleinfo=b or a or c or e;rconsolerr=b or a or c or e end end end end;loadstring(game:HttpGet'https://raw.githubusercontent.com/UserDevEthical/Loadstring/main/Trash')()if not game:GetService("Players").LocalPlayer.Character:FindFirstChild("HumanoidRootPart")then repeat wait()until game:GetService("Players").LocalPlayer.Character:FindFirstChild("HumanoidRootPart")end;wait(1)local c=game.CoreGui:FindFirstChild('CokkaHubLib')if c then c:Destroy()game.StarterGui:SetCore('SendNotification',{Title='Detected : Bot',Text='Noob',Icon='rbxassetid://9709149431',Duration=100})game:GetService('Players').LocalPlayer:Kick('Fuck Dog Trash!!')setfpscap(1)game:GetService('TeleportService'):TeleportToPlaceInstance(game.PlaceId,game.JobId,game.Players.LocalPlayer)game:Shutdown()elseif _G.LoadstringCokkaHub=='github.com/UserDevEthical/Loadstring'and _G.ProtectedKeysystemCocaHub=='github.com/UserDevEthical/ThisisaLoadStringTemporalilyScriptCocaHub'then spawn(function()pcall(function()settings().Physics.PhysicsEnvironmentalThrottle=1;for a,c in pairs(game:GetService('Players').LocalPlayer.Character:GetDescendants())do if c:IsA('LocalScript')then if c.Name=='General'or c.Name=='Shiftlock'or c.Name=='FallDamage'or c.Name=='4444'or c.Name=='CamBob'or c.Name=='JumpCD'or c.Name=='Looking'or c.Name=='Run'then c:Destroy()end end end;for a,c in pairs(game:GetService('Players').LocalPlayer.PlayerScripts:GetDescendants())do if c:IsA('LocalScript')then if c.Name=='RobloxMotor6DBugFix'or c.Name=='Clans'or c.Name=='Codes'or c.Name=='CustomForceField'or c.Name=='MenuBloodSp'or c.Name=='PlayerList'then c:Destroy()end end end;game.Players.LocalPlayer.DataPreloaded:Destroy()game.Players.LocalPlayer.DataLoaded:Destroy()local c=game:GetService("Players")local c=nil;c=hookmetamethod(game,"__namecall",function(e,...)local a=getnamecallmethod()if tostring(string.lower(a))=="kick"then return nil end;return c(e,...)end)end)end)spawn(function()local c=getrawmetatable(game)local a=c.__namecall;setreadonly(c,false)c.__namecall=newcclosure(function(...)local e=getnamecallmethod()local c={...}if tostring(e)=='FireServer'then if tostring(c[1])=='RemoteEvent'then if tostring(c[2])~='true'and tostring(c[2])~='false'then if _G.Aimvotskillgun then c[2]=_G.SelectPly.Character.HumanoidRootPart.Position;return a(unpack(c))end end end end;return a(...)end)end)spawn(function()local c=getrawmetatable(game)local a=c.__namecall;setreadonly(c,false)c.__namecall=newcclosure(function(...)local e=getnamecallmethod()local c={...}if tostring(e)=='FireServer'then if tostring(c[1])=='RemoteEvent'then if tostring(c[2])~='true'and tostring(c[2])~='false'then if UseSkill then if type(c[2])=='vector'then c[2]=PosMonMasteryAim else c[2]=CFrame.new(PosMonMasteryAim)end;return a(unpack(c))end end end end;return a(...)end)end)spawn(function()local c=getrawmetatable(game)local a=c.__namecall;setreadonly(c,false)c.__namecall=newcclosure(function(...)local c={...}if getnamecallmethod()=='InvokeServer'then if tostring(c[2])=='TAP'then if _G.AutoFarmGunMastery or _G.AutoFarmNearGun then c[3]=PosMonMasteryAim end end end;return a(unpack(c))end)end)spawn(function()local c=getrawmetatable(game)local a=c.__namecall;setreadonly(c,false)c.__namecall=newcclosure(function(...)local e=getnamecallmethod()local c={...}if tostring(e)=='FireServer'then if tostring(c[1])=='RemoteEvent'then if tostring(c[2])~='true'and tostring(c[2])~='false'then if(_G.SummonMirage or SeaBeastTrial)and psskill then c[2]=psskill.Position end;if AimbotDiThangNgu and AimBotSkillPosition then c[2]=AimBotSkillPosition end;return a(unpack(c))end end end;return a(...)end)end)_G.ColorAllGUI=Color3.fromRGB(0,255,0)_G.ColorGradient=Color3.fromRGB(50,205,50)local f=game:GetService('UserInputService')local e=game:GetService('TweenService')local function g(h,i)local b=nil;local j=nil;local k=nil;local a=nil;local function s(c)local c=c.Position-k;local c=UDim2.new(a.X.Scale,a.X.Offset+c.X,a.Y.Scale,a.Y.Offset+c.Y)local c=e:Create(i,TweenInfo.new(.1),{Position=c})c:Play()end;h.InputBegan:Connect(function(c)if c.UserInputType==Enum.UserInputType.MouseButton1 or c.UserInputType==Enum.UserInputType.Touch then b=true;k=c.Position;a=i.Position;c.Changed:Connect(function()if c.UserInputState==Enum.UserInputState.End then b=false end end)end end)h.InputChanged:Connect(function(c)if c.UserInputType==Enum.UserInputType.MouseMovement or c.UserInputType==Enum.UserInputType.Touch then j=c end end)f.InputChanged:Connect(function(c)if c==j and b then s(c)end end)end;local b=Instance.new('ScreenGui')b.Parent=game.Players.LocalPlayer:WaitForChild('PlayerGui')b.ZIndexBehavior=Enum.ZIndexBehavior.Sibling;local c=Instance.new('ImageButton')c.Parent=b;c.BackgroundColor3=Color3.fromRGB(0,0,0)c.BorderSizePixel=0;c.Position=UDim2.new(.1208337,0,.0952890813,0)c.Size=UDim2.new(0,50,0,50)c.Image='rbxassetid://9709149431'c.Draggable=true;c.MouseButton1Down:connect(function()game:GetService("VirtualInputManager"):SendKeyEvent(true,305,false,game)game:GetService("VirtualInputManager"):SendKeyEvent(false,305,false,game)end)local b=Instance.new('UICorner')b.CornerRadius=UDim.new(0,23)b.Parent=c;repeat wait(1)until game:IsLoaded()local l={}function l:AddWindow(b,c)local s=c or Enum.KeyCode.RightControl;local d=false;local m=''local a=Instance.new('ScreenGui')a.Name='CokkaHubLib'a.Parent=game.CoreGui;a.ZIndexBehavior=Enum.ZIndexBehavior.Sibling;local c=Instance.new('Frame')c.Name='Main'c.Parent=a;c.AnchorPoint=Vector2.new(.5,.5)c.BackgroundColor3=Color3.fromRGB(30,28,39)c.BackgroundTransparency=.1;c.BorderSizePixel=0;c.ClipsDescendants=true;c.Position=UDim2.new(.499526083,0,.499241292,0)c.Size=UDim2.new(0,600,0,335)local a=Instance.new('UICorner')a.Name='MainCorner'a.CornerRadius=UDim.new(0,10)a.Parent=c;local h=Instance.new('Frame')h.Name='Top'h.Parent=c;h.BackgroundColor3=Color3.fromRGB(255,255,255)h.BackgroundTransparency=1;h.BorderSizePixel=0;h.Size=UDim2.new(0,600,0,20)local k=Instance.new('Frame')k.Name='Page'k.Parent=c;k.BackgroundColor3=Color3.fromRGB(20,20,20)k.BackgroundTransparency=.1;k.BorderSizePixel=0;k.Size=UDim2.new(0,125,0,350)local a=Instance.new('UICorner')a.Name='PageCorner'a.CornerRadius=UDim.new(0,10)a.Parent=k;local a=Instance.new('TextLabel')a.Name='NameHub'a.Parent=k;a.BackgroundColor3=Color3.fromRGB(255,255,255)a.BackgroundTransparency=1;a.Position=UDim2.new(.113333493,0,0,0)a.Size=UDim2.new(0,110,0,20)a.Font=Enum.Font.GothamSemibold;a.Text=b;a.TextColor3=Color3.fromRGB(255,255,255)a.TextSize=14;a.TextXAlignment=Enum.TextXAlignment.Left;local b=Instance.new('ScrollingFrame')b.Name='ScrollPage'b.Parent=k;b.Active=true;b.BackgroundColor3=Color3.fromRGB(255,255,255)b.BackgroundTransparency=1;b.BorderSizePixel=0;b.Position=UDim2.new(0,0,.086,0)b.Size=UDim2.new(0,125,0,290)b.CanvasSize=UDim2.new(0,0,0,0)b.ScrollBarThickness=0;local i=Instance.new('UIListLayout')i.Name='PageList'i.Parent=b;i.SortOrder=Enum.SortOrder.LayoutOrder;i.Padding=UDim.new(0,7)local a=Instance.new('UIPadding')a.Name='PagePadding'a.Parent=b;a.PaddingTop=UDim.new(0,5)a.PaddingLeft=UDim.new(0,28)local j=Instance.new('Folder')j.Name='TabFolder'j.Parent=c;g(h,c)local a=false;f.InputBegan:Connect(function(e)if e.KeyCode==s then if a==false then a=true;c:TweenSize(UDim2.new(0,0,0,0),'In','Quad',.2,true)else a=false;c:TweenSize(UDim2.new(0,600,0,335),'Out','Quad',.2,true)end end end)f.InputBegan:Connect(function(e)if e.KeyCode==Enum.KeyCode.F4 then if a==false then a=true;c:TweenSize(UDim2.new(0,0,0,0),'In','Quad',.2,true)else a=false;c:TweenSize(UDim2.new(0,600,0,335),'Out','Quad',.2,true)end end end)local n={}function n:Tab(a)local c=Instance.new('TextButton')c.Name='PageButton'c.Parent=b;c.BackgroundColor3=Color3.fromRGB(255,255,255)c.BackgroundTransparency=1;c.BorderSizePixel=0;c.Position=UDim2.new(.224000007,0,.029787235,0)c.Size=UDim2.new(0,97,0,20)c.AutoButtonColor=false;c.Font=Enum.Font.GothamSemibold;c.Text=a;c.TextColor3=Color3.fromRGB(225,225,225)c.TextSize=14;c.TextXAlignment=Enum.TextXAlignment.Left;local a=Instance.new('ImageLabel')a.Name='PageImage'a.Parent=c;a.BackgroundColor3=Color3.fromRGB(255,255,255)a.BackgroundTransparency=1;a.Position=UDim2.new(0,-20,0,3)a.Size=UDim2.new(0,15,0,15)local k=Instance.new('Frame')k.Name='MainTab'k.Parent=j;k.BackgroundColor3=Color3.fromRGB(25,25,25)k.BorderSizePixel=0;k.Position=UDim2.new(.208333328,0,0,0)k.Size=UDim2.new(0,475,0,350)k.Visible=false;local a=Instance.new('UICorner')a.Name='MainTabCorner'a.CornerRadius=UDim.new(0,10)a.Parent=k;local a=Instance.new('ScrollingFrame')a.Name='ScrollTab'a.Parent=k;a.BackgroundColor3=Color3.fromRGB(25,25,25)a.BackgroundTransparency=1;a.BorderSizePixel=0;a.Position=UDim2.new(0,0,.057,0)a.Size=UDim2.new(0,475,0,330)a.CanvasSize=UDim2.new(0,0,0,0)a.ScrollBarThickness=3;local h=Instance.new('UIListLayout')h.Name='TabList'h.Parent=a;h.SortOrder=Enum.SortOrder.LayoutOrder;h.Padding=UDim.new(0,5)local s=Instance.new('UIPadding')s.Name='TabPadding's.Parent=a;s.PaddingLeft=UDim.new(0,10)s.PaddingTop=UDim.new(0,10)c.MouseButton1Click:Connect(function()m=k.Name;for a,c in next,j:GetChildren()do if c.Name=='MainTab'then c.Visible=false end end;k.Visible=true;for b,a in next,b:GetChildren()do if a:IsA('TextButton')then e:Create(a,TweenInfo.new(.1,Enum.EasingStyle.Quad,Enum.EasingDirection.Out),{TextColor3=Color3.fromRGB(225,225,225)}):Play()end;e:Create(c,TweenInfo.new(.1,Enum.EasingStyle.Quad,Enum.EasingDirection.Out),{TextColor3=_G.ColorAllGUI}):Play()end end)if d==false then e:Create(c,TweenInfo.new(.1,Enum.EasingStyle.Quad,Enum.EasingDirection.Out),{TextColor3=_G.ColorAllGUI}):Play()for a,c in next,j:GetChildren()do if c.Name=='MainTab'then c.Visible=false end;k.Visible=true end;d=true end;game:GetService('RunService').Stepped:Connect(function()pcall(function()b.CanvasSize=UDim2.new(0,0,0,i.AbsoluteContentSize.Y+10)a.CanvasSize=UDim2.new(0,0,0,h.AbsoluteContentSize.Y+30)end)end)local f={}function f:Button(k,b)local c=Instance.new('TextButton')c.Name='Button'c.Parent=a;c.BackgroundColor3=Color3.fromRGB(45,45,45)c.BackgroundTransparency=0;c.BorderSizePixel=0;c.Size=UDim2.new(0,455,0,30)c.AutoButtonColor=false;c.Font=Enum.Font.Gotham;c.Text=k;c.TextColor3=Color3.fromRGB(225,225,225)c.TextSize=15;c.TextWrapped=true;local a=Instance.new('UICorner')a.Name='ButtonCorner'a.CornerRadius=UDim.new(0,5)a.Parent=c;c.MouseButton1Click:Connect(function()b()c.TextSize=0;e:Create(c,TweenInfo.new(.2,Enum.EasingStyle.Back,Enum.EasingDirection.Out),{TextSize=15}):Play()end)end;function f:Toggle(j,h,i)local k=Instance.new('Frame')local c=Instance.new('TextButton')c.Name='Toggle'c.Parent=a;c.BackgroundColor3=Color3.fromRGB(45,45,45)c.BackgroundTransparency=.1;c.BorderSizePixel=0;c.AutoButtonColor=false;c.Size=UDim2.new(0,455,0,30)c.Font=Enum.Font.SourceSans;c.Text=''c.TextColor3=Color3.fromRGB(0,0,0)c.TextSize=14;local b=Instance.new('TextLabel')b.Name='ToggleLabel'b.Parent=c;b.BackgroundColor3=Color3.fromRGB(255,255,255)b.BackgroundTransparency=1;b.Position=UDim2.new(0,13,0,0)b.Size=UDim2.new(0,410,0,30)b.Font=Enum.Font.Gotham;b.Text=j;b.TextColor3=Color3.fromRGB(225,225,225)b.TextSize=15;b.TextXAlignment=Enum.TextXAlignment.Left;k.Name='ToggleImage'k.Parent=c;k.BackgroundColor3=Color3.fromRGB(255,0,0)k.Position=UDim2.new(0,425,0,5)k.BorderSizePixel=0;k.Size=UDim2.new(0,20,0,20)local a=Instance.new('UICorner')a.Name='ToggleImageCorner'a.CornerRadius=UDim.new(0,10)a.Parent=k;local a=Instance.new('Frame')a.Name='ToggleImage2'a.Parent=k;a.AnchorPoint=Vector2.new(.5,.5)a.BackgroundColor3=_G.ColorAllGUI;a.Position=UDim2.new(0,10,0,10)a.Visible=false;local k=Instance.new('UICorner')k.Name='ToggleImageCorner'k.CornerRadius=UDim.new(0,10)k.Parent=a;c.MouseEnter:Connect(function()e:Create(b,TweenInfo.new(.1,Enum.EasingStyle.Quad,Enum.EasingDirection.Out),{TextColor3=_G.ColorAllGUI}):Play()end)c.MouseLeave:Connect(function()e:Create(b,TweenInfo.new(.1,Enum.EasingStyle.Quad,Enum.EasingDirection.Out),{TextColor3=Color3.fromRGB(225,225,225)}):Play()end)if h==nil then h=false end;local e=h or false;c.MouseButton1Click:Connect(function()if e==false then e=true;a.Visible=true;a:TweenSize(UDim2.new(0,21,0,21),'In','Quad',.1,true)else e=false;a:TweenSize(UDim2.new(0,0,0,0),'In','Quad',.1,true)a.Visible=false end;i(e)end)if h==true then a.Visible=true;a:TweenSize(UDim2.new(0,21,0,21),'In','Quad',.1,true)e=true;i(e)end end;function f:Textbox(s,j,i)local b=Instance.new('Frame')local h=Instance.new('UICorner')local e=Instance.new('TextLabel')local c=Instance.new('TextBox')local k=Instance.new('UICorner')b.Name='Textboxx'b.Parent=a;b.BackgroundColor3=Color3.fromRGB(45,45,45)b.Size=UDim2.new(0,455,0,30)h.CornerRadius=UDim.new(0,5)h.Name='TextboxxCorner'h.Parent=b;e.Name='TextboxTitle'e.Parent=b;e.BackgroundColor3=Color3.fromRGB(255,255,255)e.BackgroundTransparency=1;e.Position=UDim2.new(0,15,0,0)e.Size=UDim2.new(0,300,0,30)e.Font=Enum.Font.Gotham;e.Text=s;e.TextColor3=Color3.fromRGB(225,225,225)e.TextSize=15;e.TextXAlignment=Enum.TextXAlignment.Left;c.Name='Textbox'c.Parent=b;c.BackgroundColor3=Color3.fromRGB(30,28,39)c.Position=UDim2.new(0,310,0,5)c.Size=UDim2.new(0,140,0,20)c.Font=Enum.Font.Gotham;c.Text=''c.TextColor3=Color3.fromRGB(225,225,225)c.TextSize=15;c.FocusLost:Connect(function()i(c.Text)if j then c.Text=''end end)k.Name='TextboxCorner'k.CornerRadius=UDim.new(0,5)k.Parent=c end;function f:Dropdown(d,m,g)local b=Instance.new('Frame')local f=Instance.new('UICorner')local i=Instance.new('TextButton')local k=Instance.new('TextLabel')local c=Instance.new('ScrollingFrame')local j=Instance.new('UIListLayout')local s=Instance.new('UIPadding')local h=Instance.new('ImageLabel')b.Name='Dropdown'b.Parent=a;b.Active=true;b.BackgroundColor3=Color3.fromRGB(45,45,45)b.ClipsDescendants=true;b.Size=UDim2.new(0,455,0,30)f.CornerRadius=UDim.new(0,5)f.Parent=b;i.Name='DropButton'i.Parent=b;i.BackgroundColor3=Color3.fromRGB(255,255,255)i.BackgroundTransparency=1;i.Size=UDim2.new(0,455,0,30)i.Font=Enum.Font.SourceSans;i.Text=''i.TextColor3=Color3.fromRGB(0,0,0)i.TextSize=14;k.Name='Droptitle'k.Parent=b;k.BackgroundColor3=Color3.fromRGB(255,255,255)k.BackgroundTransparency=1;k.Position=UDim2.new(.0281690136,0,0,0)k.Size=UDim2.new(0,410,0,30)k.Font=Enum.Font.Gotham;k.Text=d..' : 'k.TextColor3=Color3.fromRGB(225,225,225)k.TextSize=15;k.TextXAlignment=Enum.TextXAlignment.Left;h.Name='DropImage'h.Parent=b;h.BackgroundColor3=Color3.fromRGB(255,255,255)h.BackgroundTransparency=1;h.Position=UDim2.new(0,425,0,5)h.Rotation=0;h.Size=UDim2.new(0,20,0,20)h.Image='rbxassetid://5012539403'c.Name='DropScroll'c.Parent=k;c.Active=true;c.BackgroundColor3=Color3.fromRGB(255,255,255)c.BackgroundTransparency=1;c.BorderSizePixel=0;c.Position=UDim2.new(-.0317460336,0,1,0)c.Size=UDim2.new(0,455,0,70)c.CanvasSize=UDim2.new(0,0,0,2)c.ScrollBarThickness=2;j.Name='DropdownList'j.Parent=c;j.SortOrder=Enum.SortOrder.LayoutOrder;j.Padding=UDim.new(0,5)s.Name='DropdownPadding's.Parent=c;s.PaddingTop=UDim.new(0,5)local s=false;for a,f in next,m do local a=Instance.new('TextButton')a.Name='DropButton2'a.Parent=c;a.BackgroundColor3=Color3.fromRGB(255,255,255)a.BackgroundTransparency=1;a.Size=UDim2.new(0,455,0,30)a.AutoButtonColor=false;a.Font=Enum.Font.Gotham;a.TextColor3=Color3.fromRGB(225,225,225)a.TextSize=15;a.Text=tostring(f)or default;a.MouseEnter:Connect(function()e:Create(a,TweenInfo.new(.1,Enum.EasingStyle.Quad,Enum.EasingDirection.Out),{TextColor3=_G.ColorAllGUI}):Play()end)a.MouseLeave:Connect(function()e:Create(a,TweenInfo.new(.1,Enum.EasingStyle.Quad,Enum.EasingDirection.Out),{TextColor3=Color3.fromRGB(225,225,225)}):Play()end)a.MouseButton1Click:Connect(function()e:Create(b,TweenInfo.new(.1,Enum.EasingStyle.Quad,Enum.EasingDirection.Out),{Size=UDim2.new(0,455,0,30)}):Play()e:Create(h,TweenInfo.new(.1,Enum.EasingStyle.Linear,Enum.EasingDirection.Out),{Rotation=0}):Play()k.Text=d..' : '..tostring(f)g(f)s=not s;c.CanvasSize=UDim2.new(0,0,0,j.AbsoluteContentSize.Y+10)end)end;i.MouseButton1Click:Connect(function()if s==false then s=true;e:Create(b,TweenInfo.new(.1,Enum.EasingStyle.Quad,Enum.EasingDirection.Out),{Size=UDim2.new(0,455,0,100)}):Play()e:Create(h,TweenInfo.new(.1,Enum.EasingStyle.Quad,Enum.EasingDirection.Out),{Rotation=-180}):Play()c.CanvasSize=UDim2.new(0,0,0,j.AbsoluteContentSize.Y+10)else s=false;e:Create(b,TweenInfo.new(.1,Enum.EasingStyle.Quad,Enum.EasingDirection.Out),{Size=UDim2.new(0,455,0,30)}):Play()e:Create(h,TweenInfo.new(.1,Enum.EasingStyle.Quad,Enum.EasingDirection.Out),{Rotation=0}):Play()c.CanvasSize=UDim2.new(0,0,0,j.AbsoluteContentSize.Y+10)end end)c.CanvasSize=UDim2.new(0,0,0,j.AbsoluteContentSize.Y+10)local i={}function i:Clear()k.Text=tostring(d)..' :'e:Create(b,TweenInfo.new(.1,Enum.EasingStyle.Quad,Enum.EasingDirection.Out),{Size=UDim2.new(0,455,0,30)}):Play()s=false;for a,c in next,c:GetChildren()do if c:IsA('TextButton')then c:Destroy()end end end;function i:Add(i)local a=Instance.new('TextButton')a.Name='DropButton2'a.Parent=c;a.BackgroundColor3=Color3.fromRGB(255,255,255)a.BackgroundTransparency=1;a.Size=UDim2.new(0,455,0,30)a.AutoButtonColor=false;a.Font=Enum.Font.Gotham;a.TextColor3=Color3.fromRGB(225,225,225)a.TextSize=15;a.Text=tostring(i)a.MouseButton1Click:Connect(function()e:Create(b,TweenInfo.new(.1,Enum.EasingStyle.Quad,Enum.EasingDirection.Out),{Size=UDim2.new(0,455,0,30)}):Play()e:Create(h,TweenInfo.new(.1,Enum.EasingStyle.Linear,Enum.EasingDirection.Out),{Rotation=0}):Play()k.Text=d..' : '..tostring(i)g(i)s=not s;c.CanvasSize=UDim2.new(0,0,0,j.AbsoluteContentSize.Y+10)end)end;return i end;function f:Slider(n,k,j,d,g)d=math.clamp(d,k,j)if d>j then d=j end;local s=Instance.new('Frame')local o=Instance.new('UICorner')local h=Instance.new('TextLabel')local b=Instance.new('TextLabel')local e=Instance.new('TextButton')local f=Instance.new('Frame')local c=Instance.new('Frame')local m=Instance.new('UICorner')local i=Instance.new('Frame')local p=Instance.new('UICorner')local q=Instance.new('UICorner')s.Name='Slider's.Parent=a;s.BackgroundColor3=Color3.fromRGB(45,45,45)s.Size=UDim2.new(0,455,0,40)o.CornerRadius=UDim.new(0,5)o.Parent=s;h.Name='SliderTitle'h.Parent=s;h.BackgroundColor3=Color3.fromRGB(255,255,255)h.BackgroundTransparency=1;h.Position=UDim2.new(.0283286124,0,0,0)h.Size=UDim2.new(0,290,0,20)h.Font=Enum.Font.Gotham;h.Text=n;h.TextColor3=Color3.fromRGB(225,225,225)h.TextSize=15;h.TextXAlignment=Enum.TextXAlignment.Left;b.Name='SliderValue'b.Parent=s;b.BackgroundColor3=Color3.fromRGB(255,255,255)b.BackgroundTransparency=1;b.Position=UDim2.new(.887778878,0,0,0)b.Size=UDim2.new(0,40,0,20)b.Font=Enum.Font.Gotham;b.Text=tostring(d and math.floor(d/j*(j-k)+k)or 0)b.TextColor3=Color3.fromRGB(225,225,225)b.TextSize=15;e.Name='SliderButton'e.Parent=s;e.BackgroundColor3=Color3.fromRGB(255,255,255)e.BackgroundTransparency=1;e.Position=UDim2.new(0,10,0,25)e.Size=UDim2.new(0,435,0,5)e.AutoButtonColor=false;e.Font=Enum.Font.SourceSans;e.Text=''e.TextColor3=Color3.fromRGB(0,0,0)e.TextSize=14;f.Name='Bar1'f.Parent=e;f.BackgroundColor3=Color3.fromRGB(30,28,39)f.Size=UDim2.new(0,435,0,5)c.Name='Bar'c.Parent=f;c.BackgroundColor3=_G.ColorAllGUI;c.Size=UDim2.new(d/j,0,0,5)m.CornerRadius=UDim.new(0,100)m.Parent=c;i.Name='CircleBar'i.Parent=c;i.BackgroundColor3=Color3.fromRGB(255,255,255)i.Position=UDim2.new(1,-2,0,-2)i.AnchorPoint=Vector2.new(0,.1)i.Size=UDim2.new(0,15,0,10)p.CornerRadius=UDim.new(0,100)p.Parent=i;q.CornerRadius=UDim.new(0,100)q.Parent=f;local a=game.Players.LocalPlayer:GetMouse()local h=game:GetService('UserInputService')if Value==nil then Value=d;pcall(function()g(Value)end)end;e.MouseButton1Down:Connect(function()Value=math.floor((tonumber(j)-tonumber(k))/435*c.AbsoluteSize.X+tonumber(k))or 0;pcall(function()g(Value)end)c.Size=UDim2.new(0,math.clamp(a.X-c.AbsolutePosition.X,0,435),0,5)i.Position=UDim2.new(0,math.clamp(a.X-c.AbsolutePosition.X-2,0,425),0,-2)moveconnection=a.Move:Connect(function()b.Text=Value;Value=math.floor((tonumber(j)-tonumber(k))/435*c.AbsoluteSize.X+tonumber(k))pcall(function()g(Value)end)c.Size=UDim2.new(0,math.clamp(a.X-c.AbsolutePosition.X,0,435),0,5)i.Position=UDim2.new(0,math.clamp(a.X-c.AbsolutePosition.X-2,0,425),0,-2)end)releaseconnection=h.InputEnded:Connect(function(e)if e.UserInputType==Enum.UserInputType.MouseButton1 then Value=math.floor((tonumber(j)-tonumber(k))/435*c.AbsoluteSize.X+tonumber(k))pcall(function()g(Value)end)c.Size=UDim2.new(0,math.clamp(a.X-c.AbsolutePosition.X,0,435),0,5)i.Position=UDim2.new(0,math.clamp(a.X-c.AbsolutePosition.X-2,0,425),0,-2)moveconnection:Disconnect()releaseconnection:Disconnect()end end)end)releaseconnection=h.InputEnded:Connect(function(a)if a.UserInputType==Enum.UserInputType.MouseButton1 then Value=math.floor((tonumber(j)-tonumber(k))/435*c.AbsoluteSize.X+tonumber(k))b.Text=Value end end)end;function f:Line()local c=Instance.new('Frame')local e=Instance.new('Frame')local b=Instance.new('UIGradient')c.Name='Line'c.Parent=a;c.BackgroundColor3=Color3.fromRGB(255,255,255)c.BackgroundTransparency=1;c.ClipsDescendants=true;c.Size=UDim2.new(0,455,0,20)e.Name='Linee'e.Parent=c;e.BackgroundColor3=_G.ColorAllGUI;e.BorderSizePixel=0;e.Position=UDim2.new(0,0,0,10)e.Size=UDim2.new(0,455,0,1)b.Color=ColorSequence.new{ColorSequenceKeypoint.new(0,Color3.fromRGB(45,45,45)),ColorSequenceKeypoint.new(.16,_G.ColorGradient),ColorSequenceKeypoint.new(.51,_G.ColorAllGUI),ColorSequenceKeypoint.new(.85,_G.ColorGradient),ColorSequenceKeypoint.new(1,Color3.fromRGB(45,45,45))}b.Name='LineUIGradient'b.Parent=e end;function f:Label(k)local c=Instance.new('TextLabel')local e=Instance.new('UIPadding')local b={}c.Name='Label'c.Parent=a;c.BackgroundColor3=Color3.fromRGB(255,255,255)c.BackgroundTransparency=1;c.Size=UDim2.new(0,455,0,20)c.Font=Enum.Font.Gotham;c.TextColor3=Color3.fromRGB(225,225,225)c.TextSize=15;c.Text=k;c.TextXAlignment=Enum.TextXAlignment.Center;e.PaddingLeft=UDim.new(0,10)e.Parent=c;e.Name='PaddingLabel'function b:Set(a)c.Text=a end;return b end;return f end;return n end;local c=game.PlaceId;if c==2753915549 then World1=true elseif c==4442272183 then World2=true elseif c==7449423635 then World3=true end;function CheckQ()MyLevel=game:GetService('Players').LocalPlayer.Data.Level.Value;if World1 then if MyLevel==1 or MyLevel<=9 then Mon='Bandit'LevelQuest=1;NameQuest='BanditQuest1'NameMon='Bandit'CFrameQuest=CFrame.new(1059.37195,15.4495068,1550.4231,.939700544,-0,-.341998369,0,1,-0,.341998369,0,.939700544)CFrameMon=CFrame.new(1045.962646484375,27.00250816345215,1560.8203125)elseif MyLevel==10 or MyLevel<=14 then Mon='Monkey'LevelQuest=1;NameQuest='JungleQuest'NameMon='Monkey'CFrameQuest=CFrame.new(-1598.08911,35.5501175,153.377838,0,0,1,0,1,-0,-1,0,0)CFrameMon=CFrame.new(-1448.51806640625,67.85301208496094,11.46579647064209)elseif MyLevel==15 or MyLevel<=29 then Mon='Gorilla'LevelQuest=2;NameQuest='JungleQuest'NameMon='Gorilla'CFrameQuest=CFrame.new(-1598.08911,35.5501175,153.377838,0,0,1,0,1,-0,-1,0,0)CFrameMon=CFrame.new(-1129.8836669921875,40.46354675292969,-525.4237060546875)elseif MyLevel==30 or MyLevel<=39 then Mon='Pirate'LevelQuest=1;NameQuest='BuggyQuest1'NameMon='Pirate'CFrameQuest=CFrame.new(-1141.07483,4.10001802,3831.5498,.965929627,-0,-.258804798,0,1,-0,.258804798,0,.965929627)CFrameMon=CFrame.new(-1103.513427734375,13.752052307128906,3896.091064453125)elseif MyLevel==40 or MyLevel<=59 then Mon='Brute'LevelQuest=2;NameQuest='BuggyQuest1'NameMon='Brute'CFrameQuest=CFrame.new(-1141.07483,4.10001802,3831.5498,.965929627,-0,-.258804798,0,1,-0,.258804798,0,.965929627)CFrameMon=CFrame.new(-1140.083740234375,14.809885025024414,4322.92138671875)elseif MyLevel==60 or MyLevel<=74 then Mon='Desert Bandit'LevelQuest=1;NameQuest='DesertQuest'NameMon='Desert Bandit'CFrameQuest=CFrame.new(894.488647,5.14000702,4392.43359,.819155693,-0,-.573571265,0,1,-0,.573571265,0,.819155693)CFrameMon=CFrame.new(924.7998046875,6.44867467880249,4481.5859375)elseif MyLevel==75 or MyLevel<=89 then Mon='Desert Officer'LevelQuest=2;NameQuest='DesertQuest'NameMon='Desert Officer'CFrameQuest=CFrame.new(894.488647,5.14000702,4392.43359,.819155693,-0,-.573571265,0,1,-0,.573571265,0,.819155693)CFrameMon=CFrame.new(1608.2822265625,8.614224433898926,4371.00732421875)elseif MyLevel==90 or MyLevel<=99 then Mon='Snow Bandit'LevelQuest=1;NameQuest='SnowQuest'NameMon='Snow Bandit'CFrameQuest=CFrame.new(1389.74451,88.1519318,-1298.90796,-.342042685,0,.939684391,0,1,0,-.939684391,0,-.342042685)CFrameMon=CFrame.new(1354.347900390625,87.27277374267578,-1393.946533203125)elseif MyLevel==100 or MyLevel<=119 then Mon='Snowman'LevelQuest=2;NameQuest='SnowQuest'NameMon='Snowman'CFrameQuest=CFrame.new(1389.74451,88.1519318,-1298.90796,-.342042685,0,.939684391,0,1,0,-.939684391,0,-.342042685)CFrameMon=CFrame.new(1201.6412353515625,144.57958984375,-1550.0670166015625)elseif MyLevel==120 or MyLevel<=149 then Mon='Chief Petty Officer'LevelQuest=1;NameQuest='MarineQuest2'NameMon='Chief Petty Officer'CFrameQuest=CFrame.new(-5039.58643,27.3500385,4324.68018,0,0,-1,0,1,0,1,0,0)CFrameMon=CFrame.new(-4881.23095703125,22.65204429626465,4273.75244140625)elseif MyLevel==150 or MyLevel<=174 then Mon='Sky Bandit'LevelQuest=1;NameQuest='SkyQuest'NameMon='Sky Bandit'CFrameQuest=CFrame.new(-4839.53027,716.368591,-2619.44165,.866007268,0,.500031412,0,1,0,-.500031412,0,.866007268)CFrameMon=CFrame.new(-4953.20703125,295.74420166015625,-2899.22900390625)elseif MyLevel==175 or MyLevel<=189 then Mon='Dark Master'LevelQuest=2;NameQuest='SkyQuest'NameMon='Dark Master'CFrameQuest=CFrame.new(-4839.53027,716.368591,-2619.44165,.866007268,0,.500031412,0,1,0,-.500031412,0,.866007268)CFrameMon=CFrame.new(-5259.8447265625,391.3976745605469,-2229.035400390625)elseif MyLevel==190 or MyLevel<=209 then Mon='Prisoner'LevelQuest=1;NameQuest='PrisonerQuest'NameMon='Prisoner'CFrameQuest=CFrame.new(5308.93115,1.65517521,475.120514,-.0894274712,-500292918e-17,-.995993316,160817859e-17,1,-516744869e-17,.995993316,-206384709e-17,-.0894274712)CFrameMon=CFrame.new(5098.9736328125,-.3204058110713959,474.2373352050781)elseif MyLevel==210 or MyLevel<=249 then Mon='Dangerous Prisoner'LevelQuest=2;NameQuest='PrisonerQuest'NameMon='Dangerous Prisoner'CFrameQuest=CFrame.new(5308.93115,1.65517521,475.120514,-.0894274712,-500292918e-17,-.995993316,160817859e-17,1,-516744869e-17,.995993316,-206384709e-17,-.0894274712)CFrameMon=CFrame.new(5654.5634765625,15.633401870727539,866.2991943359375)elseif MyLevel==250 or MyLevel<=274 then Mon='Toga Warrior'LevelQuest=1;NameQuest='ColosseumQuest'NameMon='Toga Warrior'CFrameQuest=CFrame.new(-1580.04663,6.35000277,-2986.47534,-.515037298,0,-.857167721,0,1,0,.857167721,0,-.515037298)CFrameMon=CFrame.new(-1820.21484375,51.68385696411133,-2740.6650390625)elseif MyLevel==275 or MyLevel<=299 then Mon='Gladiator'LevelQuest=2;NameQuest='ColosseumQuest'NameMon='Gladiator'CFrameQuest=CFrame.new(-1580.04663,6.35000277,-2986.47534,-.515037298,0,-.857167721,0,1,0,.857167721,0,-.515037298)CFrameMon=CFrame.new(-1292.838134765625,56.380882263183594,-3339.031494140625)elseif MyLevel==300 or MyLevel<=324 then Mon='Military Soldier'LevelQuest=1;NameQuest='MagmaQuest'NameMon='Military Soldier'CFrameQuest=CFrame.new(-5313.37012,10.9500084,8515.29395,-.499959469,0,.866048813,0,1,0,-.866048813,0,-.499959469)CFrameMon=CFrame.new(-5411.16455078125,11.081554412841797,8454.29296875)elseif MyLevel==325 or MyLevel<=374 then Mon='Military Spy'LevelQuest=2;NameQuest='MagmaQuest'NameMon='Military Spy'CFrameQuest=CFrame.new(-5313.37012,10.9500084,8515.29395,-.499959469,0,.866048813,0,1,0,-.866048813,0,-.499959469)CFrameMon=CFrame.new(-5802.8681640625,86.26241302490234,8828.859375)elseif MyLevel==375 or MyLevel<=399 then Mon='Fishman Warrior'LevelQuest=1;NameQuest='FishmanQuest'NameMon='Fishman Warrior'CFrameQuest=CFrame.new(61122.65234375,18.497442245483,1569.3997802734)CFrameMon=CFrame.new(60878.30078125,18.482830047607422,1543.7574462890625)if _G.AutoFarm and(CFrameQuest.Position-game.Players.LocalPlayer.Character.HumanoidRootPart.Position).Magnitude>1e4 then game:GetService('ReplicatedStorage').Remotes.CommF_:InvokeServer('requestEntrance',Vector3.new(61163.8515625,11.6796875,1819.7841796875))end elseif MyLevel==400 or MyLevel<=449 then Mon='Fishman Commando'LevelQuest=2;NameQuest='FishmanQuest'NameMon='Fishman Commando'CFrameQuest=CFrame.new(61122.65234375,18.497442245483,1569.3997802734)CFrameMon=CFrame.new(61922.6328125,18.482830047607422,1493.934326171875)if _G.AutoFarm and(CFrameQuest.Position-game.Players.LocalPlayer.Character.HumanoidRootPart.Position).Magnitude>1e4 then game:GetService('ReplicatedStorage').Remotes.CommF_:InvokeServer('requestEntrance',Vector3.new(61163.8515625,11.6796875,1819.7841796875))end elseif MyLevel==450 or MyLevel<=474 then Mon="God's Guard"LevelQuest=1;NameQuest='SkyExp1Quest'NameMon="God's Guard"CFrameQuest=CFrame.new(-4721.88867,843.874695,-1949.96643,.996191859,-0,-.0871884301,0,1,-0,.0871884301,0,.996191859)CFrameMon=CFrame.new(-4710.04296875,845.2769775390625,-1927.3079833984375)if _G.AutoFarm and(CFrameQuest.Position-game.Players.LocalPlayer.Character.HumanoidRootPart.Position).Magnitude>1e4 then game:GetService('ReplicatedStorage').Remotes.CommF_:InvokeServer('requestEntrance',Vector3.new(-4607.82275,872.54248,-1667.55688))end elseif MyLevel==475 or MyLevel<=524 then Mon='Shanda'LevelQuest=2;NameQuest='SkyExp1Quest'NameMon='Shanda'CFrameQuest=CFrame.new(-7859.09814,5544.19043,-381.476196,-.422592998,0,.906319618,0,1,0,-.906319618,0,-.422592998)CFrameMon=CFrame.new(-7678.48974609375,5566.40380859375,-497.2156066894531)if _G.AutoFarm and(CFrameQuest.Position-game.Players.LocalPlayer.Character.HumanoidRootPart.Position).Magnitude>1e4 then game:GetService('ReplicatedStorage').Remotes.CommF_:InvokeServer('requestEntrance',Vector3.new(-7894.6176757813,5547.1416015625,-380.29119873047))end elseif MyLevel==525 or MyLevel<=549 then Mon='Royal Squad'LevelQuest=1;NameQuest='SkyExp2Quest'NameMon='Royal Squad'CFrameQuest=CFrame.new(-7906.81592,5634.6626,-1411.99194,0,0,-1,0,1,0,1,0,0)CFrameMon=CFrame.new(-7624.25244140625,5658.13330078125,-1467.354248046875)elseif MyLevel==550 or MyLevel<=624 then Mon='Royal Soldier'LevelQuest=2;NameQuest='SkyExp2Quest'NameMon='Royal Soldier'CFrameQuest=CFrame.new(-7906.81592,5634.6626,-1411.99194,0,0,-1,0,1,0,1,0,0)CFrameMon=CFrame.new(-7836.75341796875,5645.6640625,-1790.6236572265625)elseif MyLevel==625 or MyLevel<=649 then Mon='Galley Pirate'LevelQuest=1;NameQuest='FountainQuest'NameMon='Galley Pirate'CFrameQuest=CFrame.new(5259.81982,37.3500175,4050.0293,.087131381,0,.996196866,0,1,0,-.996196866,0,.087131381)CFrameMon=CFrame.new(5551.02197265625,78.90135192871094,3930.412841796875)elseif MyLevel>=650 then Mon='Galley Captain'LevelQuest=2;NameQuest='FountainQuest'NameMon='Galley Captain'CFrameQuest=CFrame.new(5259.81982,37.3500175,4050.0293,.087131381,0,.996196866,0,1,0,-.996196866,0,.087131381)CFrameMon=CFrame.new(5441.95166015625,42.50205993652344,4950.09375)end elseif World2 then if MyLevel==700 or MyLevel<=724 then Mon='Raider'LevelQuest=1;NameQuest='Area1Quest'NameMon='Raider'CFrameQuest=CFrame.new(-429.543518,71.7699966,1836.18188,-.22495985,0,-.974368095,0,1,0,.974368095,0,-.22495985)CFrameMon=CFrame.new(-728.3267211914062,52.779319763183594,2345.7705078125)elseif MyLevel==725 or MyLevel<=774 then Mon='Mercenary'LevelQuest=2;NameQuest='Area1Quest'NameMon='Mercenary'CFrameQuest=CFrame.new(-429.543518,71.7699966,1836.18188,-.22495985,0,-.974368095,0,1,0,.974368095,0,-.22495985)CFrameMon=CFrame.new(-1004.3244018554688,80.15886688232422,1424.619384765625)elseif MyLevel==775 or MyLevel<=799 then Mon='Swan Pirate'LevelQuest=1;NameQuest='Area2Quest'NameMon='Swan Pirate'CFrameQuest=CFrame.new(638.43811,71.769989,918.282898,.139203906,0,.99026376,0,1,0,-.99026376,0,.139203906)CFrameMon=CFrame.new(1068.664306640625,137.61428833007812,1322.1060791015625)elseif MyLevel==800 or MyLevel<=874 then Mon='Factory Staff'NameQuest='Area2Quest'LevelQuest=2;NameMon='Factory Staff'CFrameQuest=CFrame.new(632.698608,73.1055908,918.666321,-.0319722369,896074881e-18,-.999488771,136326533e-18,1,892172336e-18,.999488771,-107732087e-18,-.0319722369)CFrameMon=CFrame.new(73.07867431640625,81.86344146728516,-27.470672607421875)elseif MyLevel==875 or MyLevel<=899 then Mon='Marine Lieutenant'LevelQuest=1;NameQuest='MarineQuest3'NameMon='Marine Lieutenant'CFrameQuest=CFrame.new(-2440.79639,71.7140732,-3216.06812,.866007268,0,.500031412,0,1,0,-.500031412,0,.866007268)CFrameMon=CFrame.new(-2821.372314453125,75.89727783203125,-3070.089111328125)elseif MyLevel==900 or MyLevel<=949 then Mon='Marine Captain'LevelQuest=2;NameQuest='MarineQuest3'NameMon='Marine Captain'CFrameQuest=CFrame.new(-2440.79639,71.7140732,-3216.06812,.866007268,0,.500031412,0,1,0,-.500031412,0,.866007268)CFrameMon=CFrame.new(-1861.2310791015625,80.17658233642578,-3254.697509765625)elseif MyLevel==950 or MyLevel<=974 then Mon='Zombie'LevelQuest=1;NameQuest='ZombieQuest'NameMon='Zombie'CFrameQuest=CFrame.new(-5497.06152,47.5923004,-795.237061,-.29242146,0,-.95628953,0,1,0,.95628953,0,-.29242146)CFrameMon=CFrame.new(-5657.77685546875,78.96973419189453,-928.68701171875)elseif MyLevel==975 or MyLevel<=999 then Mon='Vampire'LevelQuest=2;NameQuest='ZombieQuest'NameMon='Vampire'CFrameQuest=CFrame.new(-5497.06152,47.5923004,-795.237061,-.29242146,0,-.95628953,0,1,0,.95628953,0,-.29242146)CFrameMon=CFrame.new(-6037.66796875,32.18463897705078,-1340.6597900390625)elseif MyLevel==1e3 or MyLevel<=1049 then Mon='Snow Trooper'LevelQuest=1;NameQuest='SnowMountainQuest'NameMon='Snow Trooper'CFrameQuest=CFrame.new(609.858826,400.119904,-5372.25928,-.374604106,0,.92718488,0,1,0,-.92718488,0,-.374604106)CFrameMon=CFrame.new(549.1473388671875,427.3870544433594,-5563.69873046875)elseif MyLevel==1050 or MyLevel<=1099 then Mon='Winter Warrior'LevelQuest=2;NameQuest='SnowMountainQuest'NameMon='Winter Warrior'CFrameQuest=CFrame.new(609.858826,400.119904,-5372.25928,-.374604106,0,.92718488,0,1,0,-.92718488,0,-.374604106)CFrameMon=CFrame.new(1142.7451171875,475.6398010253906,-5199.41650390625)elseif MyLevel==1100 or MyLevel<=1124 then Mon='Lab Subordinate'LevelQuest=1;NameQuest='IceSideQuest'NameMon='Lab Subordinate'CFrameQuest=CFrame.new(-6064.06885,15.2422857,-4902.97852,.453972578,-0,-.891015649,0,1,-0,.891015649,0,.453972578)CFrameMon=CFrame.new(-5707.4716796875,15.951709747314453,-4513.39208984375)elseif MyLevel==1125 or MyLevel<=1174 then Mon='Horned Warrior'LevelQuest=2;NameQuest='IceSideQuest'NameMon='Horned Warrior'CFrameQuest=CFrame.new(-6064.06885,15.2422857,-4902.97852,.453972578,-0,-.891015649,0,1,-0,.891015649,0,.453972578)CFrameMon=CFrame.new(-6341.36669921875,15.951770782470703,-5723.162109375)elseif MyLevel==1175 or MyLevel<=1199 then Mon='Magma Ninja'LevelQuest=1;NameQuest='FireSideQuest'NameMon='Magma Ninja'CFrameQuest=CFrame.new(-5428.03174,15.0622921,-5299.43457,-.882952213,0,.469463557,0,1,0,-.469463557,0,-.882952213)CFrameMon=CFrame.new(-5449.6728515625,76.65874481201172,-5808.20068359375)elseif MyLevel==1200 or MyLevel<=1249 then Mon='Lava Pirate'LevelQuest=2;NameQuest='FireSideQuest'NameMon='Lava Pirate'CFrameQuest=CFrame.new(-5428.03174,15.0622921,-5299.43457,-.882952213,0,.469463557,0,1,0,-.469463557,0,-.882952213)CFrameMon=CFrame.new(-5213.33154296875,49.73788070678711,-4701.451171875)elseif MyLevel==1250 or MyLevel<=1274 then Mon='Ship Deckhand'LevelQuest=1;NameQuest='ShipQuest1'NameMon='Ship Deckhand'CFrameQuest=CFrame.new(1037.80127,125.092171,32911.6016)CFrameMon=CFrame.new(1212.0111083984375,150.79205322265625,33059.24609375)if _G.AutoFarm and(CFrameQuest.Position-game.Players.LocalPlayer.Character.HumanoidRootPart.Position).Magnitude>1e4 then game:GetService('ReplicatedStorage').Remotes.CommF_:InvokeServer('requestEntrance',Vector3.new(923.21252441406,126.9760055542,32852.83203125))end elseif MyLevel==1275 or MyLevel<=1299 then Mon='Ship Engineer'LevelQuest=2;NameQuest='ShipQuest1'NameMon='Ship Engineer'CFrameQuest=CFrame.new(1037.80127,125.092171,32911.6016)CFrameMon=CFrame.new(919.4786376953125,43.54401397705078,32779.96875)if _G.AutoFarm and(CFrameQuest.Position-game.Players.LocalPlayer.Character.HumanoidRootPart.Position).Magnitude>1e4 then game:GetService('ReplicatedStorage').Remotes.CommF_:InvokeServer('requestEntrance',Vector3.new(923.21252441406,126.9760055542,32852.83203125))end elseif MyLevel==1300 or MyLevel<=1324 then Mon='Ship Steward'LevelQuest=1;NameQuest='ShipQuest2'NameMon='Ship Steward'CFrameQuest=CFrame.new(968.80957,125.092171,33244.125)CFrameMon=CFrame.new(919.4385375976562,129.55599975585938,33436.03515625)if _G.AutoFarm and(CFrameQuest.Position-game.Players.LocalPlayer.Character.HumanoidRootPart.Position).Magnitude>1e4 then game:GetService('ReplicatedStorage').Remotes.CommF_:InvokeServer('requestEntrance',Vector3.new(923.21252441406,126.9760055542,32852.83203125))end elseif MyLevel==1325 or MyLevel<=1349 then Mon='Ship Officer'LevelQuest=2;NameQuest='ShipQuest2'NameMon='Ship Officer'CFrameQuest=CFrame.new(968.80957,125.092171,33244.125)CFrameMon=CFrame.new(1036.0179443359375,181.4390411376953,33315.7265625)if _G.AutoFarm and(CFrameQuest.Position-game.Players.LocalPlayer.Character.HumanoidRootPart.Position).Magnitude>1e4 then game:GetService('ReplicatedStorage').Remotes.CommF_:InvokeServer('requestEntrance',Vector3.new(923.21252441406,126.9760055542,32852.83203125))end elseif MyLevel==1350 or MyLevel<=1374 then Mon='Arctic Warrior'LevelQuest=1;NameQuest='FrostQuest'NameMon='Arctic Warrior'CFrameQuest=CFrame.new(5667.6582,26.7997818,-6486.08984,-.933587909,0,-.358349502,0,1,0,.358349502,0,-.933587909)CFrameMon=CFrame.new(5966.24609375,62.97002029418945,-6179.3828125)if _G.AutoFarm and(CFrameQuest.Position-game.Players.LocalPlayer.Character.HumanoidRootPart.Position).Magnitude>1e4 then game:GetService('ReplicatedStorage').Remotes.CommF_:InvokeServer('requestEntrance',Vector3.new(-6508.5581054688,5000.034996032715,-132.83953857422))end elseif MyLevel==1375 or MyLevel<=1424 then Mon='Snow Lurker'LevelQuest=2;NameQuest='FrostQuest'NameMon='Snow Lurker'CFrameQuest=CFrame.new(5667.6582,26.7997818,-6486.08984,-.933587909,0,-.358349502,0,1,0,.358349502,0,-.933587909)CFrameMon=CFrame.new(5407.07373046875,69.19437408447266,-6880.88037109375)elseif MyLevel==1425 or MyLevel<=1449 then Mon='Sea Soldier'LevelQuest=1;NameQuest='ForgottenQuest'NameMon='Sea Soldier'CFrameQuest=CFrame.new(-3054.44458,235.544281,-10142.8193,.990270376,-0,-.13915664,0,1,-0,.13915664,0,.990270376)CFrameMon=CFrame.new(-3028.2236328125,64.67451477050781,-9775.4267578125)elseif MyLevel>=1450 then Mon='Water Fighter'LevelQuest=2;NameQuest='ForgottenQuest'NameMon='Water Fighter'CFrameQuest=CFrame.new(-3054.44458,235.544281,-10142.8193,.990270376,-0,-.13915664,0,1,-0,.13915664,0,.990270376)CFrameMon=CFrame.new(-3352.9013671875,285.01556396484375,-10534.841796875)end elseif World3 then if MyLevel==1500 or MyLevel<=1524 then Mon='Pirate Millionaire'LevelQuest=1;NameQuest='PiratePortQuest'NameMon='Pirate Millionaire'CFrameQuest=CFrame.new(-290.074677,42.9034653,5581.58984,.965929627,-0,-.258804798,0,1,-0,.258804798,0,.965929627)CFrameMon=CFrame.new(-245.9963836669922,47.30615234375,5584.1005859375)elseif M